0.0 1.0 0.5968621302943853 0.6194190830953242 0.5743051774934463
1.0 2.0 0.6006330847423355 0.6119828081819156 0.5892833613027553
2.0 3.0 0.8976336762694472 0.9145948206326393 0.8806725319062552
3.0 4.0 0.9364555081203484 0.9541501380227908 0.918760878217906
4.0 5.0 1.063892359726823 1.0839947350473358 1.0437899844063103
5.0 6.0 0.7284341918518252 0.7388390631801386 0.7180293205235119
6.0 7.0 0.8485742078462354 0.8606949484336215 0.8364534672588493
7.0 8.0 0.8063196730432868 0.8174463945288596 0.795192951557714
8.0 9.0 0.8970926822976635 0.9099063756704359 0.8842789889248911
9.0 10.0 1.1315091986322816 1.1497420413648365 1.1132763558997267
10.0 11.0 0.3613998804886895 0.36476261123513737 0.3580371497422416
11.0 12.0 0.41458372361219636 0.41869864378503946 0.41046880343935327
12.0 13.0 0.5447935495241892 0.5508650391952035 0.538722059853175
13.0 14.0 0.6722689204162419 0.6801094963026219 0.6644283445298619
14.0 15.0 0.49121430446854003 0.495473363921802 0.48695524501527804
15.0 16.0 0.2699173558265128 0.27133220213288944 0.2685025095201361
16.0 17.0 0.3318993119712593 0.3335055001702985 0.33029312377222014
17.0 18.0 0.37352059084804984 0.375238916454952 0.3718022652411477
18.0 19.0 0.423791559859304 0.42575570123531953 0.4218274184832885
19.0 20.0 0.43420194816919694 0.43611610407148077 0.4322877922669131
20.0 21.0 0.45783694618714177 0.45973625979345867 0.45593763258082487
21.0 22.0 0.4215165701892173 0.42302868542405825 0.4200044549543763
22.0 23.0 0.39471728007453466 0.3959293213257089 0.3935052388233604
23.0 24.0 0.34595764935991435 0.34680792143060457 0.34510737728922414
24.0 25.0 0.3161991370618029 0.31681920846321726 0.31557906566038857
25.0 26.0 0.2912243932550265 0.2916816617816203 0.29076712472843275
26.0 27.0 0.2871921800233038 0.2875740706177507 0.28681028942885695
27.0 28.0 0.3018438297848913 0.30220416441758563 0.301483495152197
28.0 29.0 0.31920841390704935 0.31956024159685065 0.31885658621724805
29.0 30.0 0.3382016815733127 0.3385524574201505 0.3378509057264749
30.0 31.0 0.377022583038885 0.37740486163834674 0.3766403044394232
31.0 32.0 0.4162992636378182 0.4167133156054329 0.41588521167020354
32.0 33.0 0.4648323716142431 0.46529057827001347 0.4643741649584728
33.0 34.0 0.4871525676315753 0.4876149507686586 0.486690184494492
34.0 35.0 0.5397906475158225 0.5402988339209083 0.5392824611107367
35.0 36.0 0.5898580577932792 0.5904071056110147 0.5893090099755436
36.0 37.0 0.6307665206056744 0.6313436620405766 0.6301893791707722
37.0 38.0 0.6918304051726253 0.6924655560587429 0.6911952542865076
38.0 39.0 0.7233497892896563 0.724005510504545 0.7226940680747677
39.0 40.0 0.7431131390762092 0.743777846081345 0.7424484320710735
40.0 41.0 0.7650661535977915 0.7657457525874868 0.7643865546080962
41.0 42.0 0.7731239410064803 0.773800585350562 0.7724472966623986
42.0 43.0 0.7826529530130528 0.7833262998003049 0.7819796062258008
43.0 44.0 0.783047376050086 0.7837004847908237 0.7823942673093484
44.0 45.0 0.7959207115563517 0.796561775931036 0.7952796471816673
45.0 46.0 0.7955440274698474 0.7961496346445504 0.7949384202951445
46.0 47.0 0.8330673907987699 0.8336739462153318 0.832460835382208
47.0 48.0 0.8482386369747431 0.8488170408002393 0.8476602331492469
48.0 49.0 0.8735665936742046 0.8741270602213668 0.8730061271270425
49.0 50.0 0.907605527393491 0.9081585229007877 0.9070525318861943
50.0 51.0 0.970766321899211 0.9713420373739612 0.9701906064244608
51.0 52.0 1.013240219224436 1.0138260581011254 1.0126543803477468
52.0 53.0 1.0907953837389073 1.0914301971300464 1.0901605703477681
53.0 54.0 1.2134740319385606 1.2142097010183108 1.2127383628588104
54.0 55.0 1.3135976575771868 1.3144314502325272 1.3127638649218465
55.0 56.0 1.5007049859142767 1.501749203171782 1.4996607686567713
56.0 57.0 1.6679932036616099 1.669272268427076 1.6667141388961437
57.0 58.0 1.9077237265845028 1.909390371809437 1.9060570813595688
58.0 59.0 2.2364161197542582 2.238712399973122 2.2341198395353943
59.0 60.0 2.4719201702918827 2.474871113203591 2.468969227380174
60.0 61.0 3.179576241507507 3.1844251279457607 3.174727355069253
61.0 62.0 4.013312249702525 4.02119643222145 4.0054280671836
62.0 63.0 4.3888891687156875 4.3994098829280395 4.3783684545033354
63.0 64.0 4.769052635403147 4.783189678407889 4.754915592398405
64.0 65.0 6.315829787310363 6.341792695796575 6.28986687882415
65.0 66.0 6.26301641274773 6.294363518593884 6.231669306901575
66.0 67.0 7.624081558240847 7.676247602596143 7.571915513885551
67.0 68.0 8.699280968552022 8.779008551952476 8.619553385151569
68.0 69.0 10.231184060762352 10.360054622293772 10.102313499230933
69.0 70.0 12.506090398571448 12.728864006443139 12.283316790699757
70.0 71.0 1.0 1.0 1.0
71.0 72.0 40.14073629428924 42.285832444076085 37.995640144502396
72.0 73.0 1.0 1.0 1.0
73.0 74.0 1.0 1.0 1.0
74.0 75.0 1.0 1.0 1.0
75.0 76.0 1.0 1.0 1.0
76.0 77.0 1.0 1.0 1.0
77.0 78.0 1.0 1.0 1.0
78.0 79.0 1.0 1.0 1.0
79.0 80.0 1.0 1.0 1.0
80.0 81.0 1.0 1.0 1.0
81.0 82.0 1.0 1.0 1.0
82.0 83.0 1.0 1.0 1.0
83.0 84.0 1.0 1.0 1.0
84.0 85.0 1.0 1.0 1.0
85.0 86.0 1.0 1.0 1.0
86.0 87.0 1.0 1.0 1.0
87.0 88.0 1.0 1.0 1.0
88.0 89.0 1.0 1.0 1.0
89.0 90.0 1.0 1.0 1.0
90.0 91.0 1.0 1.0 1.0
91.0 92.0 1.0 1.0 1.0
92.0 93.0 1.0 1.0 1.0
93.0 94.0 1.0 1.0 1.0
94.0 95.0 1.0 1.0 1.0
95.0 96.0 1.0 1.0 1.0
96.0 97.0 1.0 1.0 1.0
97.0 98.0 1.0 1.0 1.0
98.0 99.0 1.0 1.0 1.0
99.0 100.0 1.0 1.0 1.0
